The_results_from_running_with_lamda: [1e-07, 1e-06, 1e-05, 0.0001, 0.001, 0.01] 
MSE_average:        [38.531320029303345, 38.531548361262075, 38.53156722692052, 38.531567805310786, 38.53156767424507, 38.702985979222156] 
R2_score_average:   [0.08126635297886485, 0.0812609086739977, 0.0812604588447372, 0.08126044505370722, 0.0812604481788137, 0.07717318191391521] 
Bias_average:       [42.28930639012989, 42.28937013267666, 42.28937251508604, 42.289373162873886, 42.289373218775054, 42.9167467748258] 
Variance_average:   [3.53755992888155, 3.537497604394861, 3.5374967326280293, 3.5374965781958223, 3.537494555265881, 3.8761310390008474] 
Min_MSE_value:      [1.0130811191078699e-07, 6.44523187611626e-10, 7.66340656032617e-12, 1.0618968927483759e-13, 4.3937074353979096e-13, 4.7590707036878925e-11] 
R2_for_Min_MSE_value:       [0.9999999975844281, 0.9999999999846321, 0.9999999999998173, 0.9999999999999974, 0.9999999999999896, 0.9999999999988652] 