Etas: [1e-09, 1e-08, 1e-07, 1e-06, 1e-05, 0.0001, 0.001]
MSE_average:        [223.56232163183304, 125.24356708326411, 63.40392645280222, 48.031477930675095, 35.67082199287235, 28.979464797934934, 46.53594492599529] 
R2_score_average:   [-4.330578525031642, -1.9862843802090175, -0.5117914605869269, -0.14525364969340626, 0.14947153752246223, 0.30901901719745617, -0.10959443815886694] 
Bias_average:       [24.62828037214747, 23.411934395810754, 20.524686741551346, 9.576801168434868, 11.460944705492611, 38.2108634096175, 7.53687539432289] 
Variance_average:   [197.85318064184472, 100.61016498854501, 42.01155058871677, 42.07508780237114, 42.11222875830151, 42.07938883635426, 41.98701408321408] 