The_results_from_running_with_lamda: [1e-07, 1e-06, 1e-05, 0.0001, 0.001, 0.01] 
MSE_average:        [69.55615640579983, 69.55445992490864, 69.53728448069633, 70.67740781114819, 41.497813431593656, 54.496660284147545] 
R2_score_average:   [-0.7445684074594557, -0.7445258572795789, -0.7440950724446311, -0.6852190008272147, -0.040824824607018854, -0.2994082584051032] 
Bias_average:       [41.277423208842606, 41.27741053343163, 41.2772585710045, 48.97958182463323, 39.89667852151783, 43.078890718406605] 
Variance_average:   [32.96974523798452, 32.96819314390414, 32.95272874783209, 30.201441379471245, 13.454807172973533, 23.717086329692822] 
Min_MSE_value:      [7.303636703120185e-08, 7.686094655446151e-08, 2.1760394087537498e-07, 4.271309490835562e-07, 3.892059564399642e-05, 0.004495243995179579] 
R2_for_Min_MSE_value:       [0.9999999981681429, 0.999999998072217, 0.9999999945421802, 0.9999999898155689, 0.9999990238155029, 0.9998928162360697] 