The results from running with lamda = [ 0.000000, 0.000001 , 0.000010 , 0.000100 , 0.001000 ] 
MSE_average:        [ 66.40193101929037 , 66.40040015314494 , 67.03251776578267 , 81.19582788327982 , 60.03307674098202 ] 
R2_score_average:   [ -0.7435223120417798 , -0.7434821159324148 , -0.6925427893154001 , -1.0501603935946828 , -0.5158098568428549 ] 
Bias_average:       [ 42.17303666577423 , 42.17301865291299 , 40.68603025026615 , 49.76313371916792 , 39.62457292849066 ] 
Variance_average:   [ 32.21780189221915 , 32.21649419877283 , 30.94337557245736 , 28.21570380354638 , 20.608508023931027 ] 
Min_MSE_value:      [ 3.008250198339166e-08 , 2.0906206494387763e-07 , 1.3762732192200674e-07 , 68.16092249709322 , 51.054496094825986 ] 
R2_for_Min_MSE_value:       [ 0.9999999992101206 , 0.9999999945106359 , 0.9999999965249682 , -0.7210345326523027 , -0.2891044840260897 ] 