The results from running with lamda = [0.000000, 0.000001, 0.000010, 0.000100, 0.001000] 
MSE_average:        [ 36.32211879244872 , 36.32191017761033 , 36.32192322291537 , 39.41150295946148 , 39.55024587966091 ] 
R2_score_average:   [ 0.08288182655436845 , 0.08288709399101299 , 0.082886764602565 , 0.004876179898324581 , 0.0013729797056565665 ] 
Bias_average:       [ 39.71787698268411 , 39.71788410662368 , 39.71788562984116 , 39.626699305494256 , 39.61724338412454 ] 
Variance_average:   [ 3.151072988318789 , 3.151058522671069 , 3.1510566357345637 , 0.3127529179935581 , 0.09056343784057606 ] 
Min_MSE_value:      [ 1.1459834269524357e-07 , 7.273141883180423e-10 , 9.048715354347721e-12 , 39.19284446598289 , 39.49991029784908 ]
R2_for_Min_MSE_value:       [ 0.9999999971064402 , 0.9999999999816356 , 0.9999999999997715 , 0.01039721459603471 , 0.002643931907382102 ]